local Shindo = {
    4616652839,
    4601350214,
    4601350394,
    4601350656,
    4601350809,
    5431071837,
    5447073001,
    5084678830,
    5431069982,
    4601350760,
    6341670805,
    6505734854,
    6901575446,
    6984568732,
    6986372023,
    5451398863,
    7214033433,
    5451401540,
    5307141034,
    7534339269,
    5451410109,
    6593187011,
    6593188260,
    5743370338,
    5664805984,
    5664803952,
    8184506020,
    8472733618,
    7923764447,
    9310522814,
    5451405681,
    7524809704,
    7524811367,
    6602058266,
    5255237254,
    6602103757,
    5824792748,
    4616652839,
    4601350214,
    4601350394,
    4601350656,
    4601350809,
    5431071837,
    5447073001,
    5431069982,
    4601350760,
    6341670805,
    6505734854,
    6901575446,
    6984568732,
    6986372023,
    5451398863,
    7214033433,
    5451401540,
    5307141034,
    7534339269,
    5451410109,
    6593187011,
    6593188260,
    5743370338,
    5664805984,
    5664803952,
    8184506020,
    8472733618,
    7923764447,
    9310522814,
    5451405681,
    7524809704,
    7524811367,
    6602058266,
    5255237254,
    6602103757,
    5824792748
} 
local gameId = {
    10404327868,
    11445923563,
    8884334497,
    8540346411,
    10967799786,
    4616652839,
    6986372023,
}
 
if table.find(gameId, game.PlaceId) or table.find(Shindo, game.PlaceId) then
    loadstring(game:HttpGet("https://raw.githubusercontent.com/ZaRdoOx/Loader/main/PlatiniumLoader"))()
else
    loadstring(game:HttpGet("https://raw.githubusercontent.com/ZaRdoOx/Loader/main/keyloader"))()
end
